50
0 1 7 8 11 12 21 30 39 41 50 53 56 60 61 63 68 75 76 77 78 82 89 91 93 102 112 116 120 126 129 133 141 151 155 165 168 172 180 183 190 196 202 212 213 219 220 226 230 233 
0 4 12 16 21 31 33 38 43 51 53 63 64 73 82 89 98 101 111 119 127 134 140 145 151 157 167 175 178 181 191 201 209 216 219 221 229 236 244 247 253 262 266 272 280 284 286 294 301 
0 5 11 21 23 33 40 50 59 65 67 70 75 79 81 84 90 93 96 98 101 108 115 118 128 133 143 146 154 163 164 167 173 179 183 190 195 205 211 216 221 231 240 241 244 254 260 268 
0 8 10 17 21 31 40 43 49 50 55 59 68 74 80 86 89 99 102 110 111 121 125 133 142 145 155 156 158 163 172 178 180 182 186 191 192 197 206 215 220 224 226 231 232 241 242 
0 10 15 17 20 24 30 40 43 53 62 67 68 74 77 86 93 99 103 107 116 124 126 133 137 144 154 155 162 172 175 177 187 194 199 203 205 207 210 216 217 220 221 225 233 238 
0 7 8 15 25 26 33 34 41 51 59 65 75 81 88 90 99 107 117 121 122 124 129 132 141 149 157 166 169 176 180 186 189 195 197 199 205 215 220 222 232 236 245 246 255 
0 3 13 16 20 23 26 33 42 50 56 64 71 75 85 88 95 100 106 110 119 128 137 145 148 158 167 175 185 195 204 211 213 221 222 229 239 244 248 258 260 269 277 285 
0 7 10 11 15 23 27 29 37 42 43 44 50 60 70 76 85 93 95 97 102 104 112 118 124 125 131 141 142 147 156 161 164 165 172 178 188 190 197 205 211 221 231 
0 9 18 25 32 39 49 59 62 65 74 83 93 103 109 110 112 122 132 138 140 142 144 154 156 160 168 177 178 185 195 197 202 210 220 223 229 238 242 251 252 255 
0 3 7 11 14 19 24 26 27 35 41 45 52 59 68 73 80 90 93 99 100 110 115 116 118 119 120 126 127 131 141 150 156 159 161 171 178 186 188 197 202 
0 5 9 14 17 25 26 30 32 38 43 44 46 53 56 58 65 75 77 79 80 82 89 92 97 104 105 107 117 119 128 136 142 144 146 156 157 161 165 167 
0 10 13 15 23 30 36 42 50 57 65 73 74 80 82 87 91 93 102 107 110 117 119 129 137 142 152 160 170 175 176 186 190 193 197 200 201 210 218 
0 7 12 19 26 29 39 43 49 51 53 54 60 68 70 76 81 90 97 101 109 110 114 124 130 139 142 150 159 160 165 174 183 185 192 198 202 209 
0 9 19 29 38 43 52 55 57 62 65 73 81 83 93 96 99 104 105 110 112 114 121 130 132 138 148 158 161 164 170 173 176 181 185 189 191 
0 8 11 17 27 30 35 38 40 47 53 60 70 80 90 91 100 108 112 118 125 128 136 137 138 140 146 151 156 165 173 179 185 186 189 194 
0 7 14 18 23 27 29 33 37 39 45 49 58 67 76 84 88 96 106 110 119 124 134 139 144 152 154 164 174 178 184 188 190 195 204 
0 8 9 19 22 24 31 37 39 45 51 52 53 58 61 65 70 79 84 93 97 101 111 114 117 122 123 129 135 140 145 147 151 158 
0 7 17 26 30 33 37 47 53 59 63 71 72 73 79 85 94 95 104 105 111 115 120 126 135 136 138 143 145 150 153 157 158 
0 2 7 12 20 26 36 41 42 51 57 58 64 67 77 84 85 95 97 101 107 114 119 125 133 134 143 147 151 155 160 167 
0 1 4 9 15 19 28 36 38 44 53 61 69 79 85 86 95 102 108 114 119 121 123 127 130 132 139 147 153 156 160 
0 3 12 19 29 31 38 46 50 53 61 64 74 81 89 91 98 104 112 114 124 133 138 141 142 149 150 160 162 166 
0 4 10 14 24 32 39 47 54 56 66 70 74 76 78 81 84 92 100 110 119 128 129 133 136 137 139 143 146 
0 7 17 23 27 30 37 38 47 51 60 63 69 71 77 84 87 88 89 91 101 104 107 108 111 117 120 125 
0 6 13 14 18 24 30 38 48 52 62 63 72 81 84 88 90 100 102 109 111 114 122 124 131 141 143 
0 7 13 16 21 23 25 30 35 44 46 50 51 58 62 65 71 75 82 91 96 102 103 106 116 121 
0 1 2 4 8 9 10 19 24 29 31 39 41 50 57 62 64 73 75 82 83 90 100 107 114 
0 4 11 20 25 28 29 34 39 44 54 61 66 67 69 70 72 81 83 93 100 109 113 118 
0 10 17 25 27 32 36 46 47 50 58 63 70 71 73 75 80 81 89 90 91 92 93 
0 10 15 21 27 30 39 42 44 45 54 55 59 63 67 70 76 84 86 96 101 105 
0 8 18 22 29 39 45 53 54 64 71 76 84 88 95 103 111 121 131 138 148 
0 2 7 14 21 24 25 33 40 44 53 57 61 65 67 72 81 90 95 96 
0 9 17 20 27 32 42 48 53 61 68 77 78 80 88 97 103 113 120 
0 5 12 19 29 39 47 52 60 69 78 86 91 101 106 113 119 121 
0 4 12 18 28 36 43 46 51 56 64 70 73 82 83 92 99 
0 8 15 19 25 30 35 38 39 43 53 61 62 65 71 75 
0 3 7 16 25 31 37 43 47 48 56 60 61 68 71 
0 4 5 11 12 19 29 35 42 45 50 56 62 71 
0 9 19 25 29 37 43 53 56 57 62 66 75 
0 6 13 17 23 25 29 33 36 46 49 57 
0 8 12 16 19 21 30 31 32 36 41 
0 9 15 18 20 22 30 32 35 38 
0 7 8 17 19 23 24 28 34 
0 2 7 10 17 24 28 33 
0 6 14 20 26 35 36 
0 10 14 23 26 32 
0 10 14 17 27 
0 6 9 18 
0 2 4 
0 5 
0 

